180,71
180,70
180,69
180,45
180,68
180,67
180,66
180,65
180,44
180,64
180,43
180,42
180,41
180,40
180,39
180,38
180,37
180,36
180,35
180,34
463,39
10,21
9,23
463,38
463,37
9,22
463,36
10,20
463,35
463,34
180,33
180,32
180,31
463,33
463,32
463,31
463,30
463,29
463,28
8,9
8,8
463,27
9,21
9,20
463,26
10,19
463,25
9,19
463,24
463,23
463,22
463,21
463,20
10,18
10,17
463,19
10,16
463,18
463,17
463,16
463,15
463,14
9,18
463,13
180,30
10,15
9,17
463,12
463,11
10,14
10,13
10,12
10,11
463,10
463,9
463,8
9,16
9,15
10,10
180,29
180,28
180,27
180,26
180,25
180,24
180,23
180,22
180,21
180,20
180,19
180,18
180,17
180,16
180,15
180,14
180,13
180,12
180,11
180,10
180,9
180,8
180,7
180,6
145,7
145,6
145,5
5,109
463,7
463,6
463,5
463,4
463,3
463,2
463,1
463,0
11,25
11,24
11,23
462,4
462,3
462,2
462,1
462,0
461,4
461,3
461,2
461,1
461,0
460,4
460,3
460,2
460,1
460,0
459,4
459,3
459,2
459,1
459,0
458,4
458,3
458,2
458,1
458,0
457,5
457,4
457,3
457,2
457,1
457,0
456,4
456,3
456,2
456,1
456,0
455,4
455,3
455,2
455,1
455,0
454,4
454,3
454,2
454,1
454,0
11,22
62,11
453,4
0,220
453,3
453,2
453,1
453,0
452,7
452,6
452,5
452,4
452,3
452,2
452,1
452,0
0,219
451,3
451,2
451,1
451,0
5,108
450,4
450,3
450,2
450,1
450,0
449,5
449,4
449,3
449,2
449,1
449,0
448,5
448,4
448,3
448,2
448,1
448,0
5,107
447,5
447,4
447,3
447,2
447,1
447,0
446,4
446,3
446,2
446,1
446,0
445,4
445,3
445,2
445,1
445,0
444,5
444,4
444,3
444,2
444,1
444,0
443,5
443,4
443,3
443,2
443,1
443,0
5,106
442,5
442,4
442,3
442,2
442,1
442,0
5,105
441,5
441,4
441,3
441,2
441,1
441,0
0,218
5,104
440,5
440,4
440,3
440,2
440,1
440,0
11,21
439,4
439,3
439,2
439,1
439,0
438,5
438,4
438,3
438,2
438,1
438,0
437,3
437,2
437,1
437,0
436,5
436,4
436,3
436,2
436,1
436,0
435,5
435,4
435,3
435,2
435,1
435,0
434,7
434,6
434,5
434,4
434,3
434,2
434,1
434,0
0,217
433,5
433,4
433,3
433,2
433,1
433,0
432,4
432,3
432,2
432,1
432,0
9,14
68,39
431,3
431,2
431,1
431,0
430,5
430,4
430,3
430,2
430,1
430,0
429,5
429,4
429,3
429,2
429,1
429,0
428,5
428,4
428,3
428,2
428,1
428,0
9,13
144,15
11,20
427,6
427,5
427,4
427,3
427,2
427,1
427,0
5,103
426,4
426,3
426,2
426,1
426,0
5,102
425,6
425,5
425,4
425,3
425,2
425,1
425,0
0,216
5,101
424,6
424,5
424,4
424,3
424,2
424,1
424,0
423,3
423,2
423,1
423,0
5,100
422,3
422,2
422,1
422,0
5,99
421,7
421,6
421,5
421,4
421,3
421,2
421,1
421,0
11,19
420,3
420,2
420,1
420,0
419,5
419,4
419,3
419,2
419,1
419,0
418,4
418,3
418,2
418,1
418,0
417,5
417,4
417,3
417,2
417,1
417,0
416,5
416,4
416,3
416,2
416,1
416,0
415,6
415,5
415,4
0,215
415,3
415,2
415,1
415,0
414,5
414,4
414,3
414,2
414,1
414,0
413,4
413,3
413,2
413,1
413,0
412,6
412,5
412,4
412,3
412,2
412,1
412,0
411,6
411,5
411,4
411,3
411,2
411,1
411,0
5,98
5,97
410,11
410,10
410,9
410,8
410,7
410,6
410,5
410,4
410,3
410,2
410,1
410,0
409,4
409,3
409,2
409,1
409,0
408,6
408,5
408,4
408,3
408,2
408,1
408,0
11,18
11,17
11,16
11,15
407,3
407,2
407,1
407,0
406,3
406,2
406,1
406,0
405,3
405,2
405,1
405,0
404,3
404,2
404,1
404,0
403,3
403,2
403,1
403,0
0,214
402,3
402,2
402,1
402,0
401,3
401,2
401,1
401,0
400,3
400,2
400,1
400,0
399,3
399,2
399,1
399,0
398,3
398,2
398,1
398,0
397,3
397,2
397,1
397,0
396,6
396,5
396,4
396,3
396,2
396,1
396,0
395,5
395,4
395,3
395,2
395,1
395,0
394,5
394,4
394,3
394,2
394,1
394,0
68,38
393,4
393,3
393,2
393,1
393,0
11,14
4,6
392,5
392,4
392,3
392,2
392,1
392,0
0,213
391,4
391,3
391,2
391,1
391,0
0,212
9,12
390,7
390,6
390,5
390,4
390,3
390,2
390,1
390,0
389,4
389,3
389,2
389,1
389,0
388,4
388,3
388,2
388,1
388,0
5,96
387,4
387,3
387,2
387,1
387,0
5,95
386,6
386,5
386,4
386,3
386,2
386,1
386,0
385,4
385,3
385,2
385,1
385,0
144,14
11,13
11,12
144,13
11,11
384,4
384,3
384,2
384,1
384,0
11,10
383,3
383,2
383,1
383,0
382,7
382,6
0,211
382,5
382,4
382,3
382,2
382,1
382,0
381,4
381,3
381,2
381,1
381,0
68,37
68,36
68,35
9,11
380,4
380,3
380,2
380,1
380,0
379,5
379,4
379,3
379,2
379,1
379,0
9,10
5,94
378,6
378,5
378,4
378,3
378,2
378,1
378,0
9,8
9,7
377,4
377,3
377,2
377,1
377,0
0,210
0,209
62,10
5,93
376,8
376,7
376,6
376,5
376,4
376,3
376,2
376,1
376,0
68,34
11,9
375,5
375,4
375,3
375,2
375,1
375,0
374,4
374,3
374,2
374,1
374,0
373,5
373,4
373,3
373,2
373,1
373,0
372,6
372,5
372,4
372,3
372,2
372,1
372,0
5,92
371,4
371,3
371,2
371,1
371,0
370,4
370,3
370,2
370,1
370,0
369,5
369,4
369,3
369,2
369,1
369,0
368,4
368,3
368,2
368,1
368,0
367,5
367,4
367,3
367,2
367,1
367,0
366,5
366,4
366,3
366,2
366,1
366,0
365,6
365,5
365,4
365,3
365,2
365,1
365,0
68,33
5,91
364,8
364,7
364,6
364,5
364,4
364,3
364,2
364,1
364,0
11,8
11,7
68,32
68,31
5,90
363,6
363,5
363,4
363,3
363,2
363,1
363,0
5,89
362,5
362,4
362,3
362,2
362,1
362,0
5,88
361,6
361,5
361,4
361,3
361,2
361,1
361,0
0,208
5,87
360,6
360,5
360,4
360,3
360,2
360,1
360,0
359,4
359,3
359,2
359,1
359,0
68,30
358,3
358,2
358,1
358,0
357,5
357,4
357,3
357,2
357,1
357,0
356,4
356,3
356,2
356,1
356,0
355,4
355,3
355,2
355,1
355,0
354,5
354,4
354,3
354,2
354,1
354,0
353,5
353,4
353,3
353,2
353,1
353,0
352,4
352,3
352,2
352,1
352,0
351,4
351,3
351,2
351,1
351,0
5,86
350,5
350,4
350,3
350,2
350,1
350,0
349,6
349,5
349,4
349,3
349,2
349,1
349,0
348,3
348,2
348,1
348,0
347,4
347,3
347,2
347,1
347,0
144,12
5,85
346,5
346,4
346,3
346,2
346,1
346,0
345,6
345,5
345,4
345,3
345,2
345,1
345,0
5,84
344,5
344,4
344,3
344,2
344,1
344,0
343,6
343,5
343,4
343,3
343,2
343,1
343,0
342,5
342,4
342,3
342,2
342,1
342,0
341,6
341,5
341,4
341,3
341,2
341,1
341,0
340,5
340,4
340,3
340,2
340,1
340,0
5,83
339,7
339,6
339,5
339,4
339,3
339,2
339,1
339,0
338,4
338,3
338,2
338,1
338,0
337,4
337,3
337,2
337,1
337,0
336,4
336,3
336,2
336,1
336,0
0,207
335,5
335,4
335,3
335,2
335,1
335,0
334,4
334,3
334,2
334,1
334,0
62,9
62,8
333,5
333,4
333,3
333,2
333,1
333,0
332,4
332,3
332,2
332,1
332,0
331,5
331,4
331,3
331,2
331,1
331,0
5,82
330,8
330,7
330,6
330,5
330,4
330,3
330,2
330,1
330,0
329,6
329,5
329,4
329,3
329,2
329,1
329,0
328,4
328,3
328,2
328,1
328,0
327,5
327,4
327,3
327,2
327,1
327,0
326,7
326,6
326,5
326,4
326,3
326,2
326,1
326,0
325,4
325,3
325,2
325,1
325,0
324,4
324,3
324,2
324,1
324,0
68,29
323,5
323,4
323,3
323,2
323,1
323,0
322,4
322,3
322,2
322,1
322,0
321,7
321,6
321,5
0,206
321,4
321,3
321,2
321,1
321,0
320,4
320,3
320,2
320,1
320,0
319,6
319,5
319,4
319,3
319,2
319,1
319,0
318,4
318,3
318,2
318,1
318,0
317,4
317,3
317,2
317,1
317,0
0,205
316,6
316,5
316,4
316,3
316,2
316,1
316,0
315,6
315,5
315,4
315,3
315,2
315,1
315,0
314,5
314,4
314,3
314,2
314,1
314,0
313,5
313,4
313,3
313,2
313,1
313,0
312,7
312,6
312,5
312,4
312,3
312,2
312,1
312,0
311,5
311,4
311,3
311,2
0,204
311,1
311,0
310,4
310,3
310,2
310,1
310,0
309,4
309,3
309,2
309,1
309,0
308,4
308,3
308,2
308,1
308,0
307,4
307,3
307,2
307,1
307,0
5,81
306,5
306,4
306,3
306,2
306,1
306,0
5,80
305,8
305,7
305,6
305,5
305,4
305,3
305,2
305,1
305,0
304,4
304,3
304,2
304,1
304,0
68,28
303,3
303,2
303,1
303,0
0,203
302,5
302,4
302,3
302,2
302,1
302,0
301,4
301,3
301,2
301,1
301,0
300,4
300,3
300,2
300,1
300,0
299,6
299,5
299,4
299,3
299,2
299,1
299,0
298,4
298,3
298,2
298,1
298,0
0,202
68,27
68,26
68,25
68,24
68,23
68,22
68,21
297,6
297,5
297,4
297,3
297,2
297,1
297,0
5,79
296,7
296,6
296,5
296,4
296,3
296,2
296,1
296,0
295,4
295,3
295,2
295,1
295,0
5,78
294,6
294,5
294,4
294,3
294,2
294,1
294,0
293,6
293,5
293,4
293,3
293,2
293,1
293,0
292,6
292,5
292,4
292,3
292,2
292,1
292,0
291,6
291,5
291,4
291,3
291,2
291,1
291,0
290,9
290,8
290,7
290,6
290,5
290,4
290,3
290,2
290,1
290,0
289,6
289,5
289,4
289,3
289,2
289,1
289,0
288,4
288,3
288,2
288,1
288,0
9,6
9,5
5,77
287,4
287,3
287,2
287,1
287,0
144,11
286,5
286,4
286,3
286,2
286,1
286,0
285,6
285,5
285,4
285,3
285,2
285,1
285,0
284,6
284,5
284,4
284,3
284,2
284,1
284,0
283,5
283,4
283,3
283,2
283,1
283,0
282,5
282,4
282,3
282,2
282,1
282,0
281,5
281,4
281,3
281,2
281,1
281,0
280,4
280,3
280,2
280,1
280,0
279,4
279,3
279,2
279,1
279,0
68,20
68,19
68,18
62,7
278,5
278,4
278,3
278,2
278,1
278,0
277,4
277,3
277,2
277,1
277,0
276,5
276,4
276,3
276,2
276,1
276,0
275,4
275,3
275,2
275,1
275,0
0,201
68,17
274,6
274,5
274,4
274,3
274,2
274,1
274,0
273,4
273,3
273,2
273,1
273,0
272,4
272,3
272,2
272,1
272,0
144,10
144,9
271,7
271,6
271,5
271,4
271,3
271,2
271,1
271,0
5,76
270,7
270,6
270,5
270,4
270,3
270,2
270,1
270,0
269,7
269,6
269,5
269,4
269,3
269,2
269,1
269,0
268,4
268,3
268,2
268,1
268,0
267,4
267,3
267,2
267,1
267,0
266,3
266,2
266,1
266,0
265,5
265,4
265,3
265,2
265,1
265,0
264,7
264,6
264,5
264,4
264,3
264,2
264,1
264,0
263,4
263,3
263,2
263,1
263,0
5,75
262,6
262,5
262,4
262,3
262,2
262,1
262,0
261,6
261,5
0,200
261,4
261,3
261,2
261,1
261,0
260,5
260,4
260,3
260,2
260,1
260,0
259,7
259,6
259,5
259,4
259,3
259,2
259,1
259,0
258,7
258,6
258,5
258,4
258,3
258,2
258,1
258,0
257,8
257,7
257,6
257,5
257,4
257,3
257,2
257,1
257,0
256,5
256,4
256,3
256,2
256,1
256,0
255,4
255,3
255,2
255,1
255,0
254,4
254,3
254,2
254,1
254,0
253,4
253,3
253,2
253,1
253,0
0,199
252,5
252,4
252,3
252,2
252,1
252,0
251,4
251,3
251,2
251,1
251,0
5,74
250,5
250,4
250,3
250,2
250,1
250,0
249,4
249,3
249,2
249,1
249,0
248,4
248,3
248,2
248,1
248,0
247,4
247,3
247,2
247,1
247,0
246,4
246,3
246,2
246,1
246,0
245,4
245,3
245,2
245,1
245,0
244,4
244,3
244,2
244,1
244,0
243,4
243,3
243,2
243,1
243,0
242,4
242,3
242,2
242,1
242,0
241,4
241,3
241,2
241,1
241,0
240,4
240,3
240,2
240,1
240,0
239,4
239,3
239,2
239,1
239,0
238,4
238,3
238,2
238,1
238,0
5,73
237,4
237,3
237,2
237,1
237,0
236,6
236,5
236,4
236,3
236,2
236,1
236,0
235,4
235,3
235,2
235,1
235,0
234,4
234,3
234,2
234,1
234,0
233,4
233,3
233,2
233,1
233,0
232,5
232,4
232,3
232,2
232,1
232,0
8,7
10,9
8,6
8,5
10,8
10,7
10,6
144,8
144,7
144,6
144,5
68,16
68,15
68,14
62,6
62,5
68,13
68,12
68,11
68,10
68,9
231,6
231,5
231,4
231,3
231,2
231,1
231,0
230,4
230,3
230,2
230,1
230,0
5,72
229,7
229,6
229,5
229,4
229,3
229,2
229,1
229,0
228,4
228,3
228,2
228,1
228,0
227,3
227,2
227,1
227,0
226,8
226,7
226,6
226,5
226,4
226,3
226,2
226,1
226,0
225,4
225,3
225,2
225,1
225,0
224,5
224,4
224,3
224,2
224,1
224,0
0,198
223,5
223,4
223,3
223,2
223,1
223,0
222,5
222,4
222,3
222,2
222,1
222,0
221,4
221,3
221,2
221,1
221,0
5,71
5,70
220,9
220,8
220,7
220,6
220,5
220,4
220,3
220,2
220,1
220,0
4,5
4,4
219,5
219,4
219,3
219,2
219,1
219,0
218,5
218,4
218,3
218,2
218,1
218,0
217,6
217,5
217,4
217,3
217,2
217,1
217,0
216,5
216,4
216,3
216,2
216,1
216,0
5,69
215,6
215,5
215,4
215,3
215,2
215,1
215,0
214,4
214,3
214,2
214,1
214,0
213,6
213,5
213,4
213,3
213,2
213,1
213,0
212,5
212,4
0,197
212,3
212,2
212,1
212,0
211,6
211,5
211,4
211,3
211,2
211,1
211,0
210,5
210,4
210,3
210,2
210,1
210,0
5,68
209,5
209,4
209,3
209,2
209,1
209,0
208,6
208,5
208,4
208,3
208,2
208,1
208,0
207,4
207,3
207,2
207,1
207,0
206,4
206,3
206,2
206,1
206,0
5,67
205,6
205,5
205,4
205,3
205,2
205,1
205,0
204,5
204,4
204,3
204,2
204,1
204,0
203,4
203,3
203,2
203,1
203,0
202,3
202,2
202,1
202,0
201,4
201,3
201,2
201,1
201,0
200,7
200,6
200,5
200,4
200,3
200,2
200,1
200,0
199,5
199,4
199,3
199,2
199,1
199,0
0,196
198,4
198,3
198,2
198,1
198,0
5,66
197,4
197,3
197,2
197,1
197,0
0,195
196,4
196,3
196,2
196,1
196,0
195,4
195,3
195,2
195,1
195,0
194,4
194,3
194,2
194,1
194,0
193,4
193,3
193,2
193,1
193,0
5,65
192,3
192,2
192,1
192,0
5,64
191,5
191,4
191,3
191,2
191,1
191,0
190,5
190,4
190,3
190,2
190,1
190,0
189,3
189,2
189,1
189,0
188,6
188,5
188,4
188,3
188,2
188,1
188,0
187,7
187,6
187,5
187,4
187,3
187,2
187,1
187,0
186,4
186,3
186,2
186,1
186,0
185,4
185,3
185,2
185,1
185,0
184,5
184,4
184,3
184,2
184,1
184,0
183,4
183,3
183,2
183,1
183,0
5,35
182,5
182,4
182,3
182,2
182,1
182,0
181,4
181,3
181,2
181,1
181,0
180,5
180,4
180,3
180,2
180,1
180,0
179,5
179,4
179,3
179,2
179,1
179,0
0,194
178,4
178,3
178,2
178,1
178,0
177,6
177,5
177,4
177,3
177,2
177,1
177,0
176,4
176,3
176,2
176,1
176,0
175,6
175,5
175,4
175,3
175,2
175,1
175,0
174,6
174,5
174,4
174,3
174,2
174,1
174,0
0,192
173,6
173,5
173,4
173,3
173,2
173,1
173,0
172,4
172,3
172,2
172,1
172,0
171,5
171,4
171,3
171,2
171,1
171,0
170,4
170,3
170,2
170,1
170,0
169,7
169,6
169,5
169,4
169,3
169,2
169,1
169,0
5,34
168,6
168,5
168,4
168,3
168,2
168,1
168,0
167,7
167,6
167,5
167,4
167,3
167,2
167,1
167,0
166,4
166,3
166,2
166,1
166,0
